# Joint Sweep: C x l1_ratio x class_weight (5-fold Stratified CV)

```text
      C  l1_ratio class_weight  mean_recall  std_recall  mean_precision  std_precision  mean_f1  std_f1  mean_roc_auc  std_roc_auc  mean_accuracy  std_accuracy  balanced_score  is_best
 0.0100    0.5000     balanced       0.9807      0.0209          0.0898         0.0017   0.1646  0.0031        0.6718       0.0251         0.2170        0.0099          0.4922     True
 0.0100    0.8000     balanced       0.9862      0.0196          0.0870         0.0014   0.1600  0.0025        0.6725       0.0228         0.1855        0.0089          0.4921    False
 0.0100    0.2000     balanced       0.9558      0.0205          0.0919         0.0015   0.1676  0.0028        0.6726       0.0296         0.2533        0.0114          0.4861    False
 0.1000    0.8000     balanced       0.9171      0.0260          0.0968         0.0032   0.1751  0.0056        0.6772       0.0313         0.3202        0.0137          0.4785    False
 0.1000    0.2000     balanced       0.9061      0.0455          0.0977         0.0055   0.1763  0.0098        0.6779       0.0319         0.3341        0.0122          0.4759    False
 1.0000    0.2000     balanced       0.9032      0.0512          0.0995         0.0066   0.1792  0.0117        0.6759       0.0320         0.3489        0.0143          0.4758    False
 1.0000    0.5000     balanced       0.9032      0.0512          0.0994         0.0065   0.1790  0.0116        0.6758       0.0321         0.3482        0.0137          0.4757    False
 1.0000    0.8000     balanced       0.9032      0.0512          0.0992         0.0064   0.1788  0.0114        0.6757       0.0323         0.3472        0.0131          0.4756    False
 0.1000    0.5000     balanced       0.9061      0.0360          0.0966         0.0044   0.1746  0.0077        0.6783       0.0320         0.3261        0.0140          0.4753    False
10.0000    0.2000     balanced       0.9005      0.0515          0.0993         0.0066   0.1789  0.0118        0.6754       0.0321         0.3495        0.0147          0.4748    False
10.0000    0.5000     balanced       0.9005      0.0515          0.0993         0.0066   0.1789  0.0118        0.6754       0.0321         0.3495        0.0147          0.4748    False
10.0000    0.8000     balanced       0.9005      0.0515          0.0993         0.0066   0.1789  0.0118        0.6753       0.0321         0.3495        0.0147          0.4748    False
 0.0100    0.8000  0:1.0,1:6.0       0.7872      0.0461          0.1140         0.0073   0.1992  0.0126        0.6727       0.0228         0.5021        0.0110          0.4490    False
 0.0100    0.2000  0:1.0,1:6.0       0.7624      0.0495          0.1196         0.0087   0.2067  0.0148        0.6729       0.0299         0.5396        0.0122          0.4449    False
 0.0100    0.5000  0:1.0,1:6.0       0.7595      0.0540          0.1144         0.0092   0.1989  0.0157        0.6702       0.0259         0.5184        0.0152          0.4402    False
 0.1000    0.8000  0:1.0,1:6.0       0.7319      0.0456          0.1206         0.0109   0.2071  0.0178        0.6774       0.0320         0.5583        0.0211          0.4370    False
 1.0000    0.2000  0:1.0,1:6.0       0.7264      0.0379          0.1209         0.0092   0.2072  0.0150        0.6756       0.0324         0.5620        0.0227          0.4351    False
 1.0000    0.5000  0:1.0,1:6.0       0.7264      0.0379          0.1207         0.0089   0.2070  0.0144        0.6755       0.0324         0.5616        0.0219          0.4349    False
 1.0000    0.8000  0:1.0,1:6.0       0.7236      0.0412          0.1203         0.0091   0.2063  0.0148        0.6753       0.0326         0.5614        0.0223          0.4338    False
10.0000    0.2000  0:1.0,1:6.0       0.7237      0.0397          0.1203         0.0089   0.2062  0.0146        0.6753       0.0327         0.5612        0.0218          0.4338    False
10.0000    0.8000  0:1.0,1:6.0       0.7237      0.0397          0.1203         0.0089   0.2062  0.0145        0.6752       0.0328         0.5612        0.0216          0.4338    False
10.0000    0.5000  0:1.0,1:6.0       0.7237      0.0397          0.1202         0.0089   0.2061  0.0145        0.6752       0.0328         0.5609        0.0216          0.4337    False
 0.1000    0.5000  0:1.0,1:6.0       0.7180      0.0489          0.1199         0.0108   0.2055  0.0177        0.6778       0.0322         0.5625        0.0207          0.4323    False
 0.1000    0.2000  0:1.0,1:6.0       0.7153      0.0457          0.1202         0.0100   0.2058  0.0165        0.6773       0.0321         0.5651        0.0208          0.4316    False
10.0000    0.5000  0:1.0,1:4.0       0.5306      0.0722          0.1328         0.0194   0.2124  0.0304        0.6751       0.0329         0.6900        0.0194          0.3805    False
10.0000    0.8000  0:1.0,1:4.0       0.5306      0.0722          0.1328         0.0193   0.2124  0.0303        0.6751       0.0329         0.6900        0.0194          0.3805    False
10.0000    0.2000  0:1.0,1:4.0       0.5279      0.0773          0.1321         0.0204   0.2113  0.0321        0.6751       0.0328         0.6895        0.0196          0.3792    False
 1.0000    0.2000  0:1.0,1:4.0       0.5223      0.0738          0.1320         0.0197   0.2108  0.0309        0.6754       0.0323         0.6919        0.0185          0.3775    False
 1.0000    0.5000  0:1.0,1:4.0       0.5196      0.0729          0.1312         0.0193   0.2094  0.0304        0.6751       0.0326         0.6911        0.0180          0.3760    False
 1.0000    0.8000  0:1.0,1:4.0       0.5168      0.0643          0.1307         0.0176   0.2086  0.0274        0.6749       0.0326         0.6911        0.0184          0.3748    False
 0.1000    0.5000  0:1.0,1:4.0       0.4863      0.0696          0.1299         0.0205   0.2049  0.0315        0.6768       0.0325         0.7024        0.0206          0.3649    False
 0.1000    0.2000  0:1.0,1:4.0       0.4836      0.0682          0.1273         0.0186   0.2014  0.0290        0.6771       0.0325         0.6980        0.0188          0.3627    False
 0.1000    0.8000  0:1.0,1:4.0       0.4725      0.0728          0.1270         0.0217   0.2001  0.0334        0.6759       0.0322         0.7021        0.0194          0.3587    False
 0.0100    0.5000  0:1.0,1:4.0       0.4530      0.0313          0.1340         0.0096   0.2068  0.0146        0.6719       0.0244         0.7267        0.0079          0.3555    False
 0.0100    0.8000  0:1.0,1:4.0       0.4309      0.0304          0.1320         0.0098   0.2021  0.0143        0.6724       0.0226         0.7321        0.0131          0.3473    False
 0.0100    0.2000  0:1.0,1:4.0       0.4419      0.0367          0.1260         0.0109   0.1960  0.0167        0.6705       0.0291         0.7147        0.0110          0.3472    False
10.0000    0.8000  0:1.0,1:2.0       0.1494      0.0339          0.1667         0.0301   0.1566  0.0292        0.6746       0.0334         0.8742        0.0092          0.2605    False
10.0000    0.5000  0:1.0,1:2.0       0.1494      0.0339          0.1665         0.0301   0.1566  0.0294        0.6746       0.0333         0.8742        0.0088          0.2605    False
10.0000    0.2000  0:1.0,1:2.0       0.1494      0.0339          0.1658         0.0296   0.1563  0.0294        0.6746       0.0333         0.8740        0.0085          0.2603    False
 1.0000    0.5000  0:1.0,1:2.0       0.1466      0.0379          0.1675         0.0411   0.1551  0.0356        0.6750       0.0327         0.8751        0.0111          0.2596    False
 1.0000    0.2000  0:1.0,1:2.0       0.1466      0.0379          0.1664         0.0393   0.1547  0.0352        0.6751       0.0325         0.8749        0.0103          0.2593    False
 0.1000    0.2000  0:1.0,1:2.0       0.1355      0.0350          0.1762         0.0484   0.1526  0.0388        0.6763       0.0328         0.8816        0.0086          0.2581    False
 0.1000    0.5000  0:1.0,1:2.0       0.1272      0.0352          0.1830         0.0517   0.1494  0.0406        0.6744       0.0319         0.8862        0.0089          0.2562    False
 1.0000    0.8000  0:1.0,1:2.0       0.1383      0.0386          0.1610         0.0350   0.1473  0.0331        0.6749       0.0327         0.8753        0.0109          0.2535    False
 0.1000    0.8000  0:1.0,1:2.0       0.1162      0.0416          0.1901         0.0671   0.1435  0.0503        0.6718       0.0306         0.8912        0.0087          0.2526    False
 1.0000    0.2000         none       0.0193      0.0075          0.3233         0.2019   0.0361  0.0139        0.6749       0.0325         0.9190        0.0021          0.2307    False
 1.0000    0.5000         none       0.0193      0.0075          0.3067         0.2043   0.0360  0.0140        0.6749       0.0326         0.9187        0.0019          0.2265    False
 1.0000    0.8000         none       0.0166      0.0061          0.2952         0.2132   0.0312  0.0120        0.6751       0.0330         0.9187        0.0021          0.2216    False
10.0000    0.2000         none       0.0166      0.0061          0.2952         0.2212   0.0311  0.0120        0.6742       0.0337         0.9185        0.0025          0.2214    False
10.0000    0.5000         none       0.0166      0.0061          0.2952         0.2212   0.0311  0.0120        0.6741       0.0337         0.9185        0.0025          0.2214    False
10.0000    0.8000         none       0.0166      0.0061          0.2952         0.2212   0.0311  0.0120        0.6740       0.0337         0.9185        0.0025          0.2213    False
 0.0100    0.2000  0:1.0,1:2.0       0.0497      0.0158          0.1938         0.0654   0.0780  0.0219        0.6690       0.0264         0.9083        0.0049          0.2167    False
 0.1000    0.2000         none       0.0083      0.0076          0.2167         0.2173   0.0159  0.0146        0.6747       0.0321         0.9201        0.0014          0.1956    False
 0.1000    0.5000         none       0.0028      0.0062          0.2000         0.4472   0.0055  0.0123        0.6706       0.0302         0.9211        0.0012          0.1863    False
 0.0100    0.5000  0:1.0,1:2.0       0.0055      0.0076          0.1167         0.1624   0.0105  0.0144        0.6711       0.0232         0.9207        0.0013          0.1677    False
 0.0100    0.2000         none       0.0000      0.0000          0.0000         0.0000   0.0000  0.0000        0.6708       0.0247         0.9214        0.0006          0.1342    False
 0.0100    0.8000  0:1.0,1:2.0       0.0000      0.0000          0.0000         0.0000   0.0000  0.0000        0.6680       0.0227         0.9214        0.0006          0.1336    False
 0.1000    0.8000         none       0.0000      0.0000          0.0000         0.0000   0.0000  0.0000        0.6672       0.0284         0.9211        0.0009          0.1334    False
 0.0100    0.5000         none       0.0000      0.0000          0.0000         0.0000   0.0000  0.0000        0.6650       0.0253         0.9214        0.0006          0.1330    False
 0.0100    0.8000         none       0.0000      0.0000          0.0000         0.0000   0.0000  0.0000        0.6441       0.0302         0.9214        0.0006          0.1288    False
```
